part1 55
-5.208 1.176 0 0 0 0
-4.32 4.92 0 0 0 0
-3.24 1.32 0 0 0 0
-5.088 2.88 0 0 0 0
-2.784 2.712 0 0 0 0
-2.736 1.968 0 0 0 0
-2.832 1.2 0 0 0 0
-2.424 2.544 0 0 0 0
-1.896 2.52 0 0 0 0
-1.92 1.776 0 0 0 0
-1.968 1.296 0 0 0 0
-1.152 2.448 0 0 0 0
-1.272 2.016 0 0 0 0
-1.344 1.344 0 0 0 0
-0.816 2.16 0 0 0 0
-0.576 2.52 0 0 0 0
-0.552 2.04 0 0 0 0
-0.6 1.584 0 0 0 0
-0.6 1.392 0 0 0 0
-0.456 1.968 0 0 0 0
-0.336 2.424 0 0 0 0
-0.168 2.304 0 0 0 0
-0.12 1.68 0 0 0 0
-0.12 1.392 0 0 0 0
0.096 1.512 0 0 0 0
0.48 2.4 0 0 0 0
1.2 2.472 0 0 0 0
0.264 1.92 0 0 0 0
0.384 1.536 0 0 0 0
0.792 1.536 0 0 0 0
1.032 2.112 0 0 0 0
1.128 2.472 0 0 0 0
1.104 1.728 0 0 0 0
1.224 1.536 0 0 0 0
1.584 1.944 0 0 0 0
1.848 3.84 0 0 0 0
1.872 1.92 0 0 0 0
2.424 1.8 0 0 0 0
2.736 2.472 0 0 0 0
2.544 1.92 0 0 0 0
2.712 1.752 0 0 0 0
3.36 2.352 0 0 0 0
2.904 1.8 0 0 0 0
3.24 1.632 0 0 0 0
3.504 2.328 0 0 0 0
3.648 2.328 0 0 0 0
3.792 2.304 0 0 0 0
3.624 1.584 0 0 0 0
3.888 2.304 0 0 0 0
4.368 2.088 0 0 0 0
4.392 1.656 0 0 0 0
4.536 1.656 0 0 0 0
4.728 1.776 0 0 0 0
4.944 3.552 0 0 0 0
1.392 3.288 0 0 0 0